[
    0.9912474,
    0.9912474,
    0.9912474,
    0.9912474,
    0.9912474,
    0.9912474,
    0.9912474,
    0.9912474,
    0.2303128,
    0.2303128,
    0.2303128,
    0.2303128,
    0.2303128,
    0.2303128,
    0.2303128,
    0.2303128,
    0.9461517,
    0.9461517,
    0.9461517,
    0.9461517,
    0.9461517,
    0.9461517,
    0.9461517,
    0.9461517,
    0.9999997,
    0.9999997,
    0.9999997,
    0.9999997,
    0.9999997,
    0.9999997,
    0.9999997,
    0.9999997,
    0.99995756,
    0.99995756,
    0.99995756,
    0.99995756,
    0.99995756,
    0.99995756,
    0.99995756,
    0.99995756,
    0.99999994,
    0.99999994,
    0.99999994,
    0.99999994,
    0.99999994,
    0.99999994,
    0.99999994,
    0.99999994,
    -0.99904317,
    -0.99904317,
    -0.99904317,
    -0.99904317,
    -0.99904317,
    -0.99904317,
    -0.99904317,
    -0.99904317,
    -0.9999931,
    -0.9999931,
    -0.9999931,
    -0.9999931,
    -0.9999931,
    -0.9999931,
    -0.9999931,
    -0.9999931,
]