[
    0.9912475,
    0.9912475,
    0.9912475,
    0.9912475,
    0.9912475,
    0.9912475,
    0.9912475,
    0.9912475,
    0.23031159,
    0.23031159,
    0.23031159,
    0.23031159,
    0.23031159,
    0.23031159,
    0.23031159,
    0.23031159,
    0.9461517,
    0.9461517,
    0.9461517,
    0.9461517,
    0.9461517,
    0.9461517,
    0.9461517,
    0.9461517,
    0.99999964,
    0.99999964,
    0.99999964,
    0.99999964,
    0.99999964,
    0.99999964,
    0.99999964,
    0.99999964,
    0.99995756,
    0.99995756,
    0.99995756,
    0.99995756,
    0.99995756,
    0.99995756,
    0.99995756,
    0.99995756,
    1.0,
    1.0,
    1.0,
    1.0,
    1.0,
    1.0,
    1.0,
    1.0,
    -0.9990432,
    -0.9990432,
    -0.9990432,
    -0.9990432,
    -0.9990432,
    -0.9990432,
    -0.9990432,
    -0.9990432,
    -0.9999932,
    -0.9999932,
    -0.9999932,
    -0.9999932,
    -0.9999932,
    -0.9999932,
    -0.9999932,
    -0.9999932,
]